010000100100100001110110111
010000100011110111110110001
010000101011011100000010010
010000101000101101011001011
010000011101000111001000010
010000011011001100000001001
010000101000111001110001000
010000101011001100100010111
010000101000001001100001010
010000011011011010011111110
010000011110010000000011010
010000100101010110000010000
010000101011101000011111010
010000101100010111011100110
010000101011101110111010011
010000100110000010001101001
010000101000110101001001011
010000101100011010010011001
010000100110100110110011001
010000101000100110110001100
010000100010110010110011011
010000101100011111101010100
001111111001000110101101110
010000010010111111100001110
010000101000010001010111100
010000101010100001111110000
010000101000010101010101010
010000100000100111110010011
010000101100011010101111101
010000100010100011010100110
010000101000101010001110110
010000100000110011101101101
010000100100101100100011001
010000100000010101110100010
010000100100011101010101010
010000100000001100011010000
010000010100101100011100010
010000010010001100100010010
010000101011110000100100111
010000101001011001100101101
010000101000111000000000111
010000011101011010000100111
010000100011101001100111001
010000010100111010110011001
010000100010011001011110111
010000101100011101010100100
010000101100010001001101000
010000000111111111000000010
010000101011011011110000100
010000101001110011001011110
010000100101001111010001111
010000101010011111100100011
010000011110000100011111110
010000101001010010000101100
010000011010101011010010001
010000101100010100000001110
010000101011111110000100011
010000101011111010101010111
010000100000101110010010010
001111111000111011110111111
010000101001101110111101010
010000100101100000011010011
010000101010000101111011000
001111111100000000000010100
010000011010100010010100011
010000100101000100111110111
010000101011100011111110001
010000100010010000100110011
010000101001100011101111100
010000101010001001010000110
010000100110010100100111111
010000100001110011010010111
010000011111000001101101110
010000101011011111000100111
010000101010011100011011010
010000100001110111110100001
010000100100000000011101011
010000011111000111111000110
010000000111111011001010010
010000010111001010100111000
010000100011100000111011001
010000011101100100001101101
010000011011110110010001011
010000011011111110101110001
010000010011011111010110010
010000010001100111110100011
010000100011101000111000011
010000100101111100110111011
010000101001001111110110000
010000101010011101111110011
010000000111100100001101001
010000101000101100101111010
010000100000110000111110110
010000101011110010000000001
010000100111010010010011000
010000101001011111101110000
010000011101010000001001110
010000101001010111111011110
010000100010010010110100110
010000100111111100010111010
