010000100110110000000010000
010000100000011001010100110
010000010100010111001000111
010000010010011100101110010
010000010100101001000010101
010000101010101010011100011
010000100011010100111100010
010000101011010100100001101
010000010011110111011110001
010000100011010000111111011
010000101010111101111011110
010000011111000111001101100
010000100010010011101110100
010000100001001110100000101
010000101010101011000001001
010000010000010110000011000
001111111100010111110110100
010000101010001000000111010
010000011100101001000001000
010000100010001110010001001
010000101011110110101110100
010000100111000100100111110
010000101010100110100011110
010000100110100101001101100
010000010100001110100111011
010000001010100110110101000
010000100111001011101110010
010000101011011111011110100
010000100101101101101110110
010000100001100110101011110
010000100100011110111110110
010000100100011101101000010
010000101011111110111011010
010000100111111011010010000
010000011101010100010011010
010000000010011100000111110
010000100011001010011000110
010000101001110110101110001
010000100101100101001000110
010000011110111111110010100
010000101010111001010011110
010000011100010000011010000
010000011010110000001010110
010000100000011000111001000
001111111001111101100111010
001111111000010011001001111
010000101000010011110011011
010000101010000001100010100
010000101001110001111000001
010000100100100000110100110
001111110010000110010110111
010000011011111011000000111
010000101011000110010010110
010000011010011111101011010
010000101000001100010111110
010000100101010111100010100
010000101000011101110100110
010000101010001100100010010
010000000110110010100010110
001111110111100011000100111
010000011011000101010001010
010000101000001010111110010
010000000110100000000110101
010000101000100011010101111
010000011000110010001001010
010000100101001011111100100
010000100010110011111000000
010000101010011000010101011
010000101100001011100100011
010000011111011001001011011
010000101011000001101101011
010000101010100111001101101
010000100001000001111010100
010000010011111111001101011
010000001000000111110011011
010000011000011101100001111
010000100101110001001110011
010000011001000001000110100
010000011111001110101001001
010000011001010100101010101
010000011000101100100000001
010000010110011110110110101
010000011000110110001011001
010000011110110010101001101
010000101001101111100011100
010000100111000100000100101
010000101000100101011110111
010000101100000000100000110
010000101011010111100000111
010000101011101001000111110
010000101010001100011010000
010000101011011011100000000
010000001111100100000000001
010000000110111100011111110
010000100001010001001100110
010000101100000100101111010
010000101001111001110101001
010000100110101110101100111
010000100111010100010011110
010000101011011110110011001
