010000100110010001111000000
010000100001000000010000111
010000011100000100110000001
010000011001000100000010000
010000010110001100110010010
010000101001110110100111110
010000100011111011101000101
010000101011010011110110001
010000011000000001111100010
010000100010110111000011011
010000101010011101101110100
010000011111110110010110110
010000100011000101010101101
010000100010000110100010000
010000101010101110101001010
010000010010110001001100111
010000001001110000111011111
010000101010001110110110000
010000011101010111101101010
010000100010100001001000010
010000101011100110000000010
010000100111011101010011011
010000101010001101100000000
010000100110001001111000101
010000010110000110110110001
010000001111111010111001010
010000100111001110110100000
010000101011010000111111001
010000100110000011011111001
010000100001101000011110110
010000100100100111111001010
010000100100010111000101001
010000101011110101000110101
010000100111101110011010010
010000011101100111011110100
010000000101011110100100101
010000100010111101110101001
010000101001101001100011101
010000100101110100000001101
010000011111100000111000011
010000101010110110011010110
010000011100010010000001001
010000011011000001010110111
010000100000010001111110001
010000000000010010110101111
010000000100000101011101111
010000101000011000110011001
010000101001110101110000001
010000101001110011111000101
010000100100101001010001001
001111111100101100110100110
010000011100011101100010001
010000101010111101101111010
010000011010111101001101101
010000101000000110010110011
010000100101100011100110110
010000101000100001100001001
010000101010001110010100011
010000001000011000111100011
001111110111100101011010001
010000011011100000110100001
010000101000001001100101111
010000001001100100000000110
010000101000011011011100000
010000011000110011110001101
010000100101001011110110001
010000100010111111000001010
010000101010010011101001100
010000101100001001010000110
010000011111101111000010111
010000101010111110011001100
010000101010100010011000101
010000100001000000101001101
010000010101000001000000101
010000001010001001000100110
010000011000100110100101101
010000100101101111110101000
010000011001000101111000100
010000011111000100011001101
010000011001010011010101100
010000011000110111010101001
010000010110101000010011001
010000011000111000011000111
010000011110110000100110011
010000101001101001100100000
010000100110111011000010110
010000101000100011100010000
010000101011111101000000000
010000101011010110000011010
010000101011101000010100100
010000101010000101110110010
010000101011011001101011010
010000010000000100000011100
010000001001010100110100110
010000100001010101000110011
010000101100000011000101011
010000101001110101101001001
010000100110110001001110101
010000100111010001001011100
010000101011011100101000101
010000101011011100101001111
010000101011011100101011010
010000101011011100101100100
010000101011011100101101110
010000101011011100101111000
010000101011011100110000001
010000101011011100110001011
010000101011011100110010100
