59.001967
33.582840
12.361550
10.448818
12.641296
85.305495
45.308941
90.565689
11.866731
45.062000
87.741912
30.225370
41.232921
36.906974
85.377235
8.344496
1.546589
81.014163
25.281749
40.891800
94.841023
60.288837
84.819907
58.325798
12.228381
5.303349
60.732735
91.934755
54.858241
38.417735
49.936347
49.851835
95.865834
63.705177
26.634437
2.609850
44.649286
78.840145
54.321145
29.993442
87.163807
24.512705
21.505303
33.555721
1.245340
1.037413
66.475398
80.192445
78.234620
50.051564
0.631210
23.844223
88.786833
20.989904
65.546437
53.471281
67.728203
81.566979
3.697435
0.971755
22.164702
65.371590
3.625409
68.417796
17.567027
52.746609
43.242289
83.041865
97.446101
30.786824
88.213736
84.901712
36.119678
11.987654
4.060961
16.922808
55.076559
18.034477
30.457607
18.645827
17.390696
14.482089
17.692986
29.582880
77.944573
60.254637
68.685424
96.064197
90.939449
93.140311
81.551005
91.437636
7.781276
3.736319
37.074974
96.592350
79.228778
58.918926
61.269366
91.849873
