50.116100
47.490455
91.504637
69.674601
26.222795
22.375559
71.220716
89.568131
65.190105
22.828017
28.501624
53.377059
93.061093
98.931217
93.864082
56.137890
70.643440
99.287363
58.425024
68.846728
43.175246
99.958212
1.138117
10.992631
66.171106
84.246118
66.666550
34.486726
99.343154
42.207877
69.278864
35.232105
50.784356
33.363623
49.833354
32.775417
12.694420
10.195877
94.072241
75.198677
71.001760
26.814895
46.600719
12.918744
41.592725
99.665211
98.150533
3.996116
91.469776
78.398005
52.955051
83.946195
28.140504
74.260967
21.352632
98.503590
95.758605
95.333758
34.892913
1.116941
77.869864
54.025859
80.740399
1.500080
21.072459
52.311490
92.496529
41.037548
76.467928
81.157809
57.288995
39.206032
30.053640
91.884667
83.553337
39.488456
48.028712
30.246482
3.981101
15.165773
46.057815
27.131656
23.696034
23.960079
11.489814
9.622172
46.555065
55.804081
73.980469
83.746848
3.891430
69.592485
35.061325
94.250442
61.143602
75.964922
26.504790
74.991926
41.176587
63.772739
